140
2
104
66
15
314
27
3
4
214
775
93
23
43
257
8
41
75
162
67
144
47
6
12
30
37
39
2
215
9
72
632
43
122
7
3
2
32
198
14
51
110
225
18
91
7
235
3
265
37
402
10
59
46
21
154
5
611
50
74
13
7
63
237
11
91
215
479
33
6
294
246
2
35
46
46
30
2
103
156
49
43
1
16
3
141
9
79
6
236
118
15
910
4
31
4
3
19
674
14
79
22
34
1
290
187
218
337
10
133
59
7
24
581
491
11
10
14
154
4
55
186
5
675
9
81
2
45
2
470
5
58
167
21
157
21
6
18
10
97
47
35
100
75
537
42
742
97
67
2
589
350
208
7
480
9
42
41
6
30
271
58
62
2
81
97
38
181
46
55
220
256
808
3
27
3
124
702
129
1
2
127
59
273
219
201
163
4
2
200
131
25
54
1
4
60
203
26
221
8
12
10
96
158
46
16
249
231
252
123
911
10
37
898
58
66
18
30
153
370
13
66
17
2
390
710
41
2
94
205
47
2
184
971
83
47
68
750
77
197
4
362
2
6
314
125
108
13
896
568
56
6
199
9
1
3
10
4
28
733
402
105
62
251
27
6
90
1
14
139
55
176
40
36
1
26
861
42
136
342
162
10
78
126
20
5
91
3
75
209
40
286
325
49
2
952
60
9
82
3
16
8
8
129
44
35
29
9
30
16
224
7
82
542
829
153
23
2
1
5
523
1
42
7
369
19
31
24
67
1
11
4
25
6
277
88
52
132
621
40
241
49
50
44
360
64
19
4
40
19
7
74
191
33
91
2
65
5
10
93
16
82
200
1
54
32
24
54
200
3
100
150
123
8
259
81
164
185
